NewP=[6.12466481128750,9.35805448070050,-0.717567365674734;
    11.1358785645702,7.57989697679708,6.94489396956529;
    -8.56914946977519,14.9282012247359,3.02045799018446;
    5.59727247991822,13.9019989535869,4.05153808210775;
    3.46368150678715,1.71771952612913,-4.15267686856764;
    -7.95257941842460,3.46389494052640,-6.20585661019348;
    5.42272164573875,14.8648749716283,4.36436995429022;
    7.43146397040316,0.0464214600247854,-9.01717416177413;
    1.27007202967380,1.41269898785468,13.9890882588569;
    6.31189100932408,2.89722709789994,0.201564733729913;
    5.37873609553770,4.55717643947660,4.43755215145445;
    8.39106809601347,19.7227058274856,10.5298696338668;
    0.850885478205365,3.78373556983901,7.69699195909453;
    -9.31945329130274,18.0154121640136,-2.72263097445380;
    6.33369138692123,16.3390375529647,0.400571365426933;
    0.183958225151135,15.6962585674315,-4.74755492940488;
    8.30242120045879,4.96694332709897,10.6112182235082;
    -3.77049419588330,12.0664306297821,-9.94212917278533;
    8.50684949676637,15.6262385553364,10.4213833180344;
    -3.63021823589614,6.14493448928401,7.47101038502193;
    10.1418394849242,6.98887602330485,-6.41829790017458;
    10.5559158692451,4.03148522614986,7.94466579078670;
    -3.49654814259273,3.54891310857690,7.51589289841420;
    -5.05879256324042,12.1045339230133,6.82090760692550;
    6.22855851979589,12.6302117318952,2.28663128832094;
    -4.76939070893104,9.79872804146162,6.97950987057007;
    -5.84524061542806,18.7986176521299,-8.60027364175074;
    -9.46076467349328,8.97552706520306,-0.435587021319817;
    -8.00996981102788,18.9480337660066,4.01541746213981;
    11.8240833457297,16.8305125079187,-3.35228133923378;
    0.885323885611999,4.67937477970458,-4.81354092871573;
    6.21734771081128,1.75368693787860,2.34016835626569;
    5.92495054873020,8.02053634055215,12.3409505881611;
    -8.17878307468265,7.58660563832545,-5.83016675223528;
    12.4563555756980,1.44429696447107,2.93702889892099;-9.45718023754525,1.64029557448206,-1.61240706228052;0.923619540218299,3.74561451162979,7.67893008174221;-6.38574087351530,2.60231794611507,5.88003999669671;1.71756209211225,0.624089692903865,7.43091977732905;2.71478822252549,9.86471019648411,-4.49972853042906;8.28614927835029,5.06208462433879,-8.36755036755733;12.4916772518736,12.1436325699290,-0.693482496157342;10.9911549754451,8.46738381958919,7.21411187782087;11.0661979117716,14.6262853839919,7.07639716140313;-8.01889178885890,2.38291441576454,-6.09951911680544;-5.98556703907420,17.0426462648474,-8.48167143586212;0.344801615096902,9.43117125611708,-11.0214564977225;-6.47062186938227,12.9228196899013,5.80582720774111;11.8193302757772,20.4476142157885,5.40129593420741;4.14348965060073,6.30118998167347,13.1978123636702;12.6028008010035,1.54645188300532,1.27789525806752;1.89678158075138,14.0207913234209,-11.0039894949562;-4.27291353715720,1.30682775745507,7.21860429590785;-4.24112870316552,13.9578924108122,7.23256014875519;12.2486898434363,16.7497315673101,-1.97336812599253;4.94451393850655,7.75437673972920,-2.93121005173031;-8.71327145214804,1.05371562071251,-4.74998992785503;2.05680229513924,16.6683183623043,13.8375832214089;12.4257196797202,13.0783665443526,-1.12226522176834;12.5438696218681,16.5563609360102,-0.250828591655883;-8.06399544281063,18.6793185158437,3.93117053924105;2.11294181538882,20.2937546544801,7.27033381461385;2.27629549045759,9.24081766187864,7.19618337510533;-8.13353211068853,7.63986276673100,3.81957365310182;0.476986172370304,9.95175473775486,-4.78798251262472;6.32608848875486,1.16701450639063,1.65569620243126;9.75563576796804,3.42864333313689,-6.90249743768088;-9.47575251898030,16.5292695972043,-1.16554354311506;-4.98870075041429,3.59511331491968,6.86068167915965;12.0042779934487,10.3856362881033,-2.83484821329664;11.6736800486919,5.81051209273426,-3.73521031957492;-8.17812730989770,11.0133588200741,-5.83131174107514;1.58107915192625,17.7827853144826,-4.77716322407395;11.0151265691738,14.2883720106880,7.17054521515387;3.03524082635313,5.66789356441198,-10.8518192325597;0.384182885142350,2.18245750683602,7.79527610924040;4.86395966961600,6.60450883066205,12.8890997031321;8.16555394919309,4.94412508967883,-8.46690685605126;10.3273667679152,5.82736243629246,-6.16611427168256;1.38345866120122,0.842240570649811,7.54692425130764;11.0197819562216,5.54707388124809,7.16203878281265;6.62325062399066,7.80964581344386,-9.52701100627814;2.97352928787841,2.59916168332202,-4.39587288832998;-8.95635431048816,11.9226624699183,2.08564381391633;-8.69158238246743,10.3962425709863,2.75514369038965;2.78926216732895,1.85370327604702,-4.47148198733946;5.15638854441361,15.7879049599095,-2.66794477273026;0.259876180006679,17.7293973705746,-4.75984342617432;-8.50683528757074,8.20294888412151,-5.20728260786182;1.57820501793477,9.19945089391221,7.48143100504765;-3.17392169873159,10.2712141371256,7.61388133105423;2.60438965574936,9.39261501004344,-4.53921126521426;2.38414608847763,4.09506875101647,7.14460628571217;5.99198041817406,3.94286063213879,-1.12765736150271;3.97368799208112,18.6695094207823,-10.6350314556908;6.06486862296644,2.83777848621163,-0.914816072755148;-7.91586145437393,8.13567128163144,-6.26349113254015;-7.49289449166736,13.4835506848348,-6.87196982472155;-4.43430614966249,18.0837707991410,-9.58642884798299;6.16634718142066,4.74965641940286,12.1992592366166;
  	];
NewP = NewP';
col = [0.154291990898079;
    0.892499518002617;
    0.464043407852012;
    0.233145517714107;
    0.0737610113052720;
    0.570309205690309;
    0.238570666495837;
    0.739802757831124;
    0.990393199345696;
    0.170053831770305;
    0.239857838139834;
    0.928609767319784;
    0.321651282098928;
    0.530158250492435;
    0.173368194653862;
    0.00410923402531938;
    0.929554982038785;
    0.628205669805194;
    0.927362320138997;
    0.381324914264615
    ;0.773467010206314;
    0.901789076449987;
    0.379534849549035;
    0.401042295999739;
    0.203998554297443;
    0.396937828456207;
    0.603329107968976;
    0.504881698698420;
    0.450694963302902;0.804020883982264;0.0192992142160464;0.204862970307606;0.952507612312085;0.565708898585047;0.857902218489796;0.517917848106584;0.320632274057400;0.421038680101255;0.309232161102667;0.0575991349459473;0.749481385204737;0.827448989326183;0.894961366429267;0.893698724716360;0.568996672238788;0.601461386621433;0.669984981193979;0.422406769240607;0.878814532007156;0.967722546370263;0.844055319680594;0.684777946666092;0.390041838353394;0.389605735111951;0.816384826692662;0.109888262183071;0.552956956253340;0.984343559745459;0.823776234333772;0.831211962919860;0.451872079242097;0.303323716656392;0.300827415282092;0.453416413839102;0.0105354123008158;0.193827333569376;0.767998307207311;0.512985768279595;0.400041729575552;0.808727502570387;0.800475858645991;0.565722768609743;0.0339125810895311;0.894561154465930;0.695604152568132;0.328108359362751;0.961712958430171;0.748077792652300;0.776222282140740;0.314096668046821;0.894483096581309;0.731124668349111;0.0631034426803373;0.475724615963915;0.467429465922665;0.0591767949837374;0.116004995336340;0.00578724284520360;0.558281516795906;0.311274295921112;0.375239439353777;0.0552689109356863;0.299159649635364;0.146929468034397;0.704606980439942;0.150781946785225;0.571024258447872;0.578749846432722;0.620697387470739;
    0.950342255191820;
    ];

