X=[ -46.6761   33.6811  -13.1723	;
   61.9689   77.1960   -6.5026	;
   31.7167   97.1385    7.3139	;
  -47.3806   66.5406   -5.7204	;
  -23.7036   30.2167   34.9721	;
  -42.4361   73.6643   15.9317	;
   63.0176   43.6651    3.7519	;
  -44.8788   52.0675  -20.2730	;
   31.6255    0.9219    8.3250	;
   28.7663   52.3304  -49.8942	;
    3.2859   84.7954  -24.0180	;
  -38.9692   71.3573  -32.2453	;
  -27.2069    0.5164   32.9385	;
   56.1240   33.2642  -23.5084	;
  -20.1990   26.6516   36.5866	;
   43.0152    2.3466  -40.4658	;
    7.6414   13.4769  -23.9171	;
  -47.1610  102.5550   -0.3635	;
  -25.5580   40.7389   33.9518	;
  -47.3331   56.9683   -7.2239	;
   26.1144   24.4974  -51.0505	;
   35.7668   51.6964   57.7308	;
   48.8330   18.4575  -34.4472	;
  -40.3282   97.4961  -30.1136	;
    5.6930   91.0060   70.0494	;
   31.0489  101.6256   -1.9153	;
   22.1368   75.5479   28.3304	;
    6.1046  103.6770   69.9851	;
   27.3686   62.6957   21.3843	;
  -40.1307   51.0561  -30.4385	;
  -31.5573   75.1273  -40.9448	;
  -27.1967   17.7743   32.9451	;
   -0.4526   35.6567   39.3248	;
  -37.4421    1.9184   23.6838	;
   28.3127   83.0454   -9.3594	;
  -27.0755   77.0893   33.0230	;
   63.0290   18.2335    4.6954	;
   31.7003   67.1726    7.5251	;
  -47.0816   94.7733    0.3836	;
   61.3470  101.5751   -9.4375	;
    5.0857    8.2499   70.1398	;
    9.1640   96.0211   36.9340	;
   18.7575   91.1519  -53.4702	;
   16.2611    1.0176   33.2289	;
   44.9154   33.5692  -38.6829	;
  -47.3606   95.5578   -6.5386	;
  -36.9034    8.1900   24.3417	;
  -15.9296   55.1604  -51.0370	;
   31.2163   85.4598   60.7635	;
   -0.7894   81.0023   39.3623	;
   21.6955   91.1429  -52.6368	;
   53.7623   97.4998  -27.6517	;
  -39.5439   48.5832   20.8392	;
  -16.8370   41.8984  -50.6479	;
   29.6483   55.3231   16.5690	;
   28.4694   36.2607   19.2999	;
    4.1010   12.9088  -24.0591	;
   18.0168    8.8338   31.9784	;
   61.7448   68.1976   17.6802	;
   21.6722   40.8564   28.8014	;
  -40.1798   72.0454  -30.3583	;
   22.1911    7.4054  -17.2566	;
  -41.5117   18.1118   17.6613	;
   18.8415   69.9192  -19.8387	;
   22.9005   42.7640   27.5167	;
   44.9382   67.8916  -38.6605	;
   41.9782   38.1291   52.6282	;
   10.7817   40.5811   69.0753	;
   56.5183   45.4288  -22.7351	;
    6.6639   90.4897   37.8151	;
   -0.6199   69.1954  -54.9179	;
  -47.2495   64.8965   -8.5779	;
  -47.3800    4.4196   -4.1889	;
   25.0551  104.4592   64.1000	;
   12.7089   64.4902   68.6027	;
   31.6903    4.4297    7.6458	;
   34.6519   53.3755   58.5235	;
   39.8897   79.2214   54.4846	;
   61.4077   52.1304   -9.1792	;
   22.7520   64.2299  -16.7366	;
   33.0166   89.4912   59.6266	;
    6.6212   88.9076   37.8284	;
   24.8180   84.1319   25.2196	;
   32.1488   89.7191   60.1845	;
   30.6633   59.2612   -3.4462	;
   24.4823    4.3586  -51.6845	;
   18.3377   14.8562  -20.1600	;
  -47.0125   49.4485  -10.9278	;
   -9.0524   57.7704  -53.3757	;
  -33.8252   34.4210   27.6627	;
    4.8826   76.5453  -55.2035	;
   15.1724   75.7386   67.9126	;
   29.4313   30.5582   -6.9900	;
   42.3701   48.8693   52.2621	;
   26.1407   22.5701  -51.0398	;
   13.1009   63.6831  -22.6687	;
  -12.5985   41.0277  -52.2999	;
   27.2804    9.3081   21.5373	;
   20.5789   14.6995   29.8444	;
    0.1317   28.1665  -23.5895	;
   31.2729   54.0120   10.7635	;
   41.9667   77.1934   52.6389	;
  -21.6252  100.2896   35.9769	;
   62.8655   57.4973    0.4428	;
  -29.3916   81.7765   31.4274	;
  -25.4329   68.1978  -45.8672	;
  -47.1876   13.5496   -0.6428	;
  -27.5075   74.4195   32.7423	;
   62.4042   56.2848   -3.8562	;
   14.4728   70.1815   68.1186	;
  -25.6892   46.5171  -45.6902	;
   11.3562   39.1235   68.9405	;
   52.8006   90.3243  -29.1445	;
  -46.6608   57.5344  -13.2596	;
   62.3691   29.4594   14.1035	;
   41.1457   13.9441   53.3869	;
    7.2663   96.5433  -23.9567	;
  -27.5636    5.8948   32.7053	;
   37.3037   71.7396  -44.9845	;
   12.6313   16.4888  -22.8273	;
   51.7000   30.7949  -30.7422	;
   -2.4593   28.4465  -54.6980	;
   58.1341   69.5434   29.4716	;
   49.5392    4.1734  -33.5889	;
  -41.0616   97.6613   18.4426	;
   -5.8339   26.6054  -54.1276	;
   20.7763    4.8342   65.9658	;
   62.4427  100.0703   -3.5822	;
   15.7617   90.3080  -21.5723	;
   59.4034   31.4370   26.1525	;
   30.4142   56.9153   -4.2901	;
   41.7526   31.3889   52.8363	;
    1.5126   85.6509  -23.8309	;
  -20.0963   14.4511   36.6281	;
  -22.0647  102.1251   35.7761	;
  -39.8492   46.8663   20.3834	;
   56.0978   73.9805  -23.5589	;
  -10.5688   13.5137  -52.9483	;
    1.4684   57.1620  -23.8245	;
   26.3737  101.4020  -12.5290	;
   28.9765    4.5663   18.2048	;
   25.0642    3.4282   24.8938	;
  -23.2600   97.0401   35.1985	;
   28.9391   52.6971  -49.8133	;
   38.1021   96.1905  -44.4201	;
   24.8873   60.5612   25.1286	;
   31.7102   74.3922    7.4000	;
   24.6923   70.9355   25.3829	;
   42.3987   39.9482   52.2351	;
   -8.6440   96.2306   39.4127	;
   16.8359   76.4166  -21.0282	;
    8.9096   33.7691   69.4792	;
   45.9770   97.2847  -37.6149	;
   -9.8965    0.8409   39.2764	;
  -47.2695    7.4902   -8.3038	;
    9.2098    8.2636   36.9160	;
    0.4715   24.4981   70.6509	;
   31.5808   56.1349    1.1814	;
   12.4096   35.9572   68.6799	;
   20.2844   34.6649   30.1106	;
  -29.1349   52.4825   31.6156	;
   31.3531   57.9147   10.3080	;
  -46.6086   33.8001  -13.5514	;
    3.7536   83.4642  -24.0450	;
    6.7357   28.7489   69.8815	;
  -17.3999   40.2604   37.6064	;
   40.0252   15.9803   54.3688	;
   26.5450   12.9513   22.7478	;
  -39.4846   16.5285   20.9263	;
  -24.4187    8.1877  -46.5457	;
   30.5278   94.9602   13.9320	;
   59.7763   66.9430   25.0600	;
  -28.9330   94.1392  -43.2429	;
   21.7517   87.8167   65.5706	;
   -4.0771   29.9785   39.5738	;
  -32.6471    0.9209   28.7663	;
  -18.2518   65.3275   37.3201	;
  -42.7275   72.8376   15.3462	;
   49.2367   87.2801   44.7273	;
  -22.2029   38.3223   35.7117	;
    4.0053   24.8007  -24.0557	;
   31.7119    1.1434    2.5125	;
   18.7725   91.6326   66.7241	;
   12.1846   47.1471  -22.9689	;
   27.5224    2.5414  -50.4565	;
  -14.9918   58.7134   38.3059	;
  -46.3947   11.3016  -14.6520	;
   14.2410   64.1386  -22.2410	;
   30.1306   21.6768   -5.1557	;
   -2.6793   49.4680  -54.6674	;
  -38.9566   34.4594  -32.2640	;
  -42.3937    8.2627  -26.3254	;
   50.6554   55.8938   42.8400	;
   40.5921  104.6361  -42.5251	;
   13.5318   31.8973   34.8875	;
   17.8380   49.5929  -53.6961	;
  -47.2909   68.0098   -7.9839	;
   20.1413   89.4842  -18.9338	;
  -33.0085   39.4808   28.4364	;
   20.4917   97.9716  -18.6699	;
  -44.0288   49.4281   12.4257	;
   31.4230   11.0273    0.0444	;
  -47.2564   46.3970   -1.4685	;
   -0.0190   25.6146   39.2723	;
   29.1138    5.3512   17.8895	;
   16.8971    2.4285  -53.9105	;
    5.3698  100.9835  -55.2022	;
   35.9419   11.7053   57.6032	;
   59.1737   67.4497   26.7956	;
   22.7766   39.9148   27.6522	;
   27.6296   69.8356   20.9204	;
  -46.4741   80.6671    4.2492	;
   13.5506  100.7643  -22.5073	;
   28.9441    1.4299   18.2778	;
   -0.3625   78.6669   39.3143	;
   16.3045    0.5890  -21.3051	;
  -31.5289   79.2906  -40.9715	;
   45.3909  103.5916   49.2292	;
  -10.0325   71.8281   39.2593	;
   30.5588   46.5343   61.1594	;
   25.0806   10.5356  -51.4588	;
  -47.2274    0.6032   -1.0990	;
   15.9098   89.5554   67.6869	;
   14.2413    1.2690   68.1850	;
    9.0303   68.7100   69.4548	;
   58.7931   72.9600  -17.6180	;
  -14.2208   99.0057   38.4965	;
    5.2181  104.5211  -55.2030	;
  -35.8637   38.0462   25.5420	;
    7.7888   43.3086   37.4429	;
   25.0843   73.9711   64.0861	;
   61.8701   40.3153   -7.0193	;
   25.7897   12.6514   23.8853	;
   62.6777    7.9011   11.6453	;
    8.5828   83.5659  -23.7922	;
    1.5769    6.6833  -23.8401	;
   41.9353   51.7260  -41.4115	;
   38.9249   56.2468  -43.8170	;
  -30.2380   79.0529  -42.1393	;
   13.5075   94.3435   68.3897	;
   26.3128   26.2876   23.1080	;
   43.7795   56.9872   50.8952	;
